DSJC125.1.col 5         497          0.000000   inf
DSJC250.1.col 8         39958        0.032000   1248687.500000
DSJC250.5.col 28        760318       2.235000   340187.024609
DSJC250.9.col 72        65594        0.295000   222352.542373
DSJC500.1.col 12        91269289     107.961000 845391.289447
DSJC500.9.col 127       1690798      20.484000  82542.374536
DSJC1000.1.col 21        252293       0.670000   376556.716418
DSJC500.5.col 49        56857390     440.483000 129079.646661
DSJC500.5.col 49        50450578     384.089000 131351.270148
DSJC500.5.col 49        18265657     129.344000 141217.659884
